03758 20230101  2.622  -79.09   35.97    16.3     8.4    12.3    11.8     0.0     6.82 C    20.6     3.3    10.8    95.0    69.4    88.8   0.315   0.323   0.350   0.368   0.546     9.5     8.9     8.7     8.4     8.9
03758 20230102  2.622  -79.09   35.97    15.8     6.6    11.2    10.3     0.0     9.65 C    26.0     2.6     9.4    95.2    69.5    89.1   0.307   0.314   0.339   0.367   0.548     9.1     8.7     8.7     8.9     9.3
03758 20230103  2.622  -79.09   35.97    20.7     7.7    14.2    15.9     0.0     5.79 C    23.1     5.0    14.2    95.1    48.5    74.4   0.302   0.311   0.335   0.362   0.547    10.0     9.4     9.3     9.3     9.6
03758 20230104  2.622  -79.09   35.97    17.8    15.1    16.4    16.6    10.3     1.86 C    18.1    11.0    15.2    92.3    71.8    84.8   0.319   0.325   0.346   0.389   0.547    11.5    10.9    10.6     9.9     9.9
03758 20230105  2.622  -79.09   35.97    19.2     6.7    12.9    13.8     0.0    10.35 C    24.7     0.1    11.4    94.3    28.9    66.4   0.315   0.326   0.350   0.413   0.547    11.3    11.1    10.9    10.6    10.3
03758 20230106  2.622  -79.09   35.97    13.2     2.6     7.9     7.2     0.0    11.16 C    20.9    -2.2     4.7    81.0    30.5    54.9   0.306   0.315   0.339   0.375   0.547     9.4     9.4     9.7    10.5    10.7
03758 20230107  2.622  -79.09   35.97    11.3    -0.3     5.5     3.9     0.0     5.29 C    21.7    -3.9     2.3    88.7    40.1    71.0   0.300   0.311   0.334   0.364   0.543     8.4     8.3     8.8    10.0    10.8
03758 20230108  2.622  -79.09   35.97     3.4    -0.9     1.2     2.3     3.9     2.31 C     6.8    -5.0     2.2    92.9    60.4    80.7   0.298   0.310   0.332   0.353   0.547     7.7     7.4     8.0     9.5    10.6
03758 20230109  2.622  -79.09   35.97    12.0    -1.9     5.0     4.8     1.0    11.54 C    18.8    -6.2     4.4    94.7    39.0    76.2   0.324   0.323   0.351   0.361   0.543     7.9     7.6     8.0     9.2    10.5
03758 20230110  2.622  -79.09   35.97    12.7    -2.7     5.0     3.6     0.0     8.51 C    20.9    -7.0     2.1    91.7    36.3    75.5   0.306   0.315   0.339   0.361   0.548     7.0     6.8     7.3     8.9    10.3
03758 20230111  2.622  -79.09   35.97    14.7    -1.3     6.7     6.9     0.0     9.63 C    21.6    -5.2     6.6    92.7    44.9    69.3   0.301   0.312   0.334   0.355   0.548     7.3     6.9     7.4     8.7    10.1
03758 20230112  2.622  -79.09   35.97    17.8     8.1    12.9    12.4    13.2     2.88 C    17.7     3.8    11.6    90.9    61.2    73.7   0.306   0.315   0.336   0.353   0.516     9.1     8.6     8.6     8.9    10.0
03758 20230113  2.622  -79.09   35.97    12.4     4.3     8.3     9.4     0.5    10.92 C    18.2     3.0     9.4    91.4    40.9    61.9   0.331   0.341   0.361   0.427   0.547     9.7     9.5     9.5     9.5    10.1
03758 20230114  2.622  -79.09   35.97     6.5    -1.3     2.6     3.0     0.0     7.41 C    13.1    -4.4     2.8    77.2    36.9    50.8   0.307   0.320   0.345   0.389   0.544     8.2     8.1     8.5     9.6    10.3
03758 20230115  2.622  -79.09   35.97    10.0    -2.4     3.8     1.9     0.0    12.38 C    18.7    -7.5     1.0    65.0    16.1    40.2   0.299   0.314   0.337   0.367   0.548     6.7     6.6     7.2     9.1    10.3
03758 20230116  2.622  -79.09   35.97    13.6    -4.1     4.8     4.5     0.0    10.08 C    23.5    -8.5     3.4    75.3    12.9    44.5   0.290   0.310   0.333   0.356   0.546     6.2     6.0     6.6     8.5    10.1
03758 20230117  2.622  -79.09   35.97    10.2     5.6     7.9     8.6     2.3     1.89 C    10.9     3.0     7.6    90.5    36.0    70.8   0.286   0.311   0.331   0.349   0.517     7.6     7.1     7.4     8.4     9.8
03758 20230118  2.622  -79.09   35.97    19.3     9.1    14.2    12.3     0.0     9.73 C    24.2     4.4    11.2    91.2    37.5    76.1   0.295   0.312   0.333   0.349   0.500     9.1     8.6     8.6     8.8     9.8
03758 20230119  2.622  -79.09   35.97    20.4     9.9    15.1    16.3     0.0     4.47 C    23.8     5.5    14.6    90.7    51.7    75.5   0.295   0.309   0.331   0.348   0.498    10.3     9.8     9.6     9.4     9.9
03758 20230120  2.622  -79.09   35.97    16.7     4.8    10.7    10.9     0.0    12.80 C    23.2    -0.4     8.7    58.3    29.9    42.3   0.291   0.306   0.329   0.347   0.497    10.0     9.9     9.8    10.0    10.2
03758 20230121  2.622  -79.09   35.97     9.2    -1.0     4.1     4.1     0.0    11.04 C    19.3    -6.2     3.3    77.3    37.7    56.3   0.299   0.303   0.327   0.344   0.498     8.4     8.3     8.7     9.8    10.4
03758 20230122  2.622  -79.09   35.97     5.8     1.1     3.4     3.8    18.9     1.05 C     7.1    -0.3     4.0    94.1    67.2    87.8   0.340   0.329   0.351   0.360   0.511     7.9     7.7     8.1     9.4    10.4
03758 20230123  2.622  -79.09   35.97    11.0    -1.0     5.0     6.0     0.8     9.71 C    18.8    -6.2     5.2    94.4    35.4    66.1   0.350   0.343   0.369   0.428   0.547     8.1     7.9     8.2     9.1    10.2
03758 20230124  2.622  -79.09   35.97    12.8    -3.5     4.6     3.4     0.0    13.58 C    21.6    -8.3     2.0    89.7    22.4    60.7   0.333   0.322   0.347   0.389   0.541     6.9     6.8     7.3     8.9    10.1
03758 20230125  2.622  -79.09   35.97    16.8    -0.1     8.3     7.6    23.2     0.80 C    15.3    -4.4     7.0    94.2    65.5    85.1   0.378   0.339   0.353   0.392   0.548     7.6     7.1     7.4     8.5    10.0
03758 20230126  2.622  -79.09   35.97    10.7     0.7     5.7     6.7     0.0    11.32 C    20.2    -4.4     5.4    92.5    38.9    64.0   0.374   0.352   0.368   0.424   0.546     8.4     8.1     8.3     8.8     9.8
03758 20230127  2.622  -79.09   35.97     9.1    -3.0     3.1     2.4     0.0    13.68 C    18.6    -7.6     0.8    88.2    28.2    59.0   0.339   0.326   0.353   0.398   0.544     6.7     6.7     7.2     8.7     9.8
03758 20230128  2.622  -79.09   35.97    15.1    -2.9     6.1     6.2     0.0    13.55 C    24.3    -7.2     4.0    81.4    24.7    47.8   0.329   0.316   0.340   0.369   0.546     6.4     6.2     6.7     8.2     9.7
03758 20230129  2.622  -79.09   35.97    14.2     0.0     7.1     8.0     1.7     5.40 C    19.4    -4.7     6.4    92.3    35.9    63.2   0.327   0.312   0.335   0.360   0.544     6.9     6.6     7.0     8.1     9.5
03758 20230130  2.622  -79.09   35.97    17.8     6.9    12.4    11.1     4.7    10.46 C    27.2     3.6    10.9    95.2    55.8    85.4   0.349   0.328   0.352   0.365   0.548     8.9     8.4     8.3     8.4     9.5
03758 20230131  2.622  -79.09   35.97    13.1     9.5    11.3    11.9     2.9     2.08 C    14.3     8.4    11.9    95.5    91.8    94.3   0.344   0.321   0.347   0.369   0.548     9.6     9.2     9.2     9.1     9.6
03758 20230201  2.622  -79.09   35.97     9.4     3.6     6.5     4.5     4.3     1.77 C     9.5     3.6     5.0    94.9    84.1    89.0   0.358   0.336   0.361   0.397   0.540     9.2     9.0     9.2     9.5     9.8
03758 20230202  2.622  -79.09   35.97     5.7     2.2     4.0     3.8     9.3     2.26 C     8.2     2.5     4.6    94.0    84.7    91.9   0.360   0.342   0.368   0.413   0.536     8.5     8.2     8.5     9.3    10.0
03758 20230203  2.622  -79.09   35.97     7.9    -2.4     2.8     4.2     0.0    12.05 C    15.6    -8.0     3.6    93.9    22.3    50.6   0.350   0.336   0.362   0.417   0.542     8.1     8.0     8.3     9.1    10.0
03758 20230204  2.622  -79.09   35.97     4.1    -5.6    -0.7    -1.0     0.0    14.56 C    15.7    -9.8    -1.1    54.5    22.4    35.9   0.336   0.321   0.344   0.378   0.536     6.3     6.2     6.9     8.7     9.9
03758 20230205  2.622  -79.09   35.97    12.7    -2.3     5.2     4.7     0.0     6.74 C    18.0    -5.7     3.9    91.9    34.4    55.5   0.335   0.315   0.337   0.366   0.542     6.3     6.0     6.5     8.1     9.7
03758 20230206  2.622  -79.09   35.97    16.1     1.7     8.9     8.8     0.0    14.87 C    25.3    -3.8     7.6    92.2    22.5    57.8   0.331   0.312   0.334   0.357   0.548     7.6     7.2     7.4     8.1     9.5
03758 20230207  2.622  -79.09   35.97    17.4    -0.2     8.6     8.5     0.0    14.20 C    25.4    -5.2     6.5    83.2    28.2    54.5   0.325   0.309   0.331   0.349   0.499     7.4     7.2     7.4     8.3     9.5
03758 20230208  2.622  -79.09   35.97    21.8     5.4    13.6    13.2     0.0    13.48 C    30.1    -0.7    11.2    72.4    31.4    50.8   0.320   0.306   0.328   0.346   0.499     8.5     8.1     8.1     8.5     9.5
03758 20230209  2.622  -79.09   35.97    21.7     8.0    14.8    16.1     0.0     8.44 C    28.7     3.4    14.0    85.3    51.7    66.3   0.313   0.302   0.326   0.344   0.498     9.8     9.3     9.2     9.0     9.5
03758 20230210  2.622  -79.09   35.97    21.0    11.6    16.3    17.3     0.0    11.92 C    30.2     8.7    16.8    90.3    28.7    53.4   0.307   0.300   0.323   0.343   0.497    11.6    11.2    10.8     9.8     9.8
03758 20230211  2.622  -79.09   35.97    13.7     6.3    10.0    10.2     0.9     8.18 C    23.6     4.9     9.9    74.4    24.6    40.3   0.301   0.296   0.320   0.342   0.496    10.7    10.6    10.6    10.4    10.2
03758 20230212  2.622  -79.09   35.97     6.3     2.1     4.2     3.9    35.0     2.25 C     7.7     1.9     4.2    91.8    76.2    89.2   0.410   0.361   0.369   0.400   0.529     8.6     8.6     9.1     9.7    10.4
03758 20230213  2.622  -79.09   35.97    18.0     3.5    10.8     9.8     0.3    16.22 C    25.0    -0.7     8.3    91.4    14.1    46.3   0.372   0.352   0.374   0.420   0.545     8.7     8.6     8.8     9.3    10.3
03758 20230214  2.622  -79.09   35.97    19.3     3.2    11.2    11.9     0.0    15.99 C    29.3    -2.4     9.8    68.6    18.5    39.5   0.341   0.322   0.351   0.385   0.546     9.0     8.7     8.9     9.4    10.2
03758 20230215  2.622  -79.09   35.97    21.1     6.0    13.5    14.2     0.0     7.83 C    28.7     2.2    12.0    85.9    31.0    56.3   0.333   0.313   0.339   0.367   0.545     9.8     9.5     9.6     9.7    10.2
03758 20230216  2.622  -79.09   35.97    24.0     9.1    16.5    16.9     0.0    10.79 C    31.0     5.0    14.9    92.2    41.3    67.6   0.327   0.308   0.334   0.359   0.545    11.1    10.7    10.5    10.1    10.3
03758 20230217  2.622  -79.09   35.97    19.7     2.2    11.0    14.0     9.6     2.51 C    22.5    -1.0    12.1    89.2    42.2    69.9   0.348   0.324   0.349   0.361   0.545    12.1    11.9    11.6    10.8    10.5
03758 20230218  2.622  -79.09   35.97    10.8    -3.1     3.8     3.0     0.0    17.26 C    21.9    -8.0     2.9    80.7    22.9    53.5   0.340   0.321   0.347   0.371   0.546     9.4     9.6     9.9    10.8    10.8
03758 20230219  2.622  -79.09   35.97    14.1    -0.9     6.6     7.6     0.0     8.89 C    24.8    -6.0     7.3    88.3    38.4    67.2   0.332   0.313   0.337   0.364   0.546     9.0     8.9     9.2    10.2    10.9
03758 20230220  2.622  -79.09   35.97    14.9     7.3    11.1    10.7     0.0     4.39 C    18.0     4.0     9.2    90.8    52.0    76.5   0.328   0.310   0.334   0.360   0.546     9.9     9.7     9.8    10.1    10.7
03758 20230221  2.622  -79.09   35.97    22.9     6.7    14.8    15.0     0.0    13.31 C    30.0     1.8    13.0    91.4    19.8    54.0   0.323   0.307   0.331   0.351   0.528    10.6    10.4    10.3    10.2    10.7
03758 20230222  2.622  -79.09   35.97    25.6     6.3    15.9    15.8     0.0    13.13 C    31.9     1.3    14.8    78.0    50.4    67.4   0.315   0.303   0.327   0.348   0.499    11.5    11.1    11.0    10.6    10.8
03758 20230223  2.622  -79.09   35.97    27.4    15.3    21.4    20.5     2.1    11.97 C    32.8    10.9    19.4    94.4    48.0    73.8   0.308   0.299   0.324   0.346   0.497    13.5    13.1    12.6    11.3    11.0
03758 20230224  2.622  -79.09   35.97    21.2    13.5    17.3    16.9     0.0    15.48 C    31.5     7.9    15.7    94.3     9.1    43.7   0.307   0.297   0.323   0.344   0.495    13.5    13.4    13.1    12.1    11.4
03758 20230225  2.622  -79.09   35.97    13.6     7.0    10.3     8.9     1.5     2.25 C    12.3     7.0     8.9    92.6    20.4    63.6   0.302   0.295   0.321   0.342   0.494    12.1    12.2    12.2    12.2    11.7
03758 20230226  2.622  -79.09   35.97    13.1     7.4    10.3     9.6     0.0     6.11 C    17.2     4.0     9.9    94.1    69.3    85.2   0.303   0.296   0.320   0.341   0.493    11.9    11.8    11.8    11.9    11.9
03758 20230227  2.622  -79.09   35.97    19.4     5.9    12.7    13.0     0.2     9.17 C    25.7     2.7    12.9    94.9    50.3    75.3   0.302   0.296   0.319   0.340   0.442    12.0    11.8    11.7    11.8    11.9
03758 20230228  2.622  -79.09   35.97    24.2    12.0    18.1    18.6     0.0    17.01 C    32.2     4.7    16.2    75.4    22.4    46.1   0.298   0.294   0.317   0.339   0.438    13.3    13.1    12.8    12.1    11.9
03758 20230301  2.622  -79.09   35.97    19.0     8.8    13.9    12.8     0.0    10.91 C    30.3     5.6    12.7    88.2    41.8    70.5   0.293   0.290   0.313   0.338   0.420    12.9    12.8    12.7    12.4    12.1
03758 20230302  2.622  -79.09   35.97    18.0    11.3    14.6    14.8    25.8     3.88 C    19.7     9.9    14.3    95.0    74.1    88.7   0.350   0.337   0.358   0.407   0.488    13.5    13.3    13.1    12.6    12.2
03758 20230303  2.622  -79.09   35.97    22.1    12.9    17.5    16.4     2.2     7.10 C    24.2    11.9    16.0    95.1    61.7    83.8   0.340   0.327   0.351   0.415   0.495    14.0    13.7    13.5    12.8    12.4
03758 20230304  2.622  -79.09   35.97    19.1     7.4    13.2    14.8     0.0    19.39 C    26.8     1.1    13.5    83.3    23.9    47.4   0.333   0.317   0.340   0.375   0.507    14.0    14.0    13.8    13.2    12.6
03758 20230305  2.622  -79.09   35.97    18.9     1.4    10.1    10.2     0.0    19.53 C    30.0    -2.2     9.8    86.9    17.1    50.9   0.321   0.309   0.332   0.363   0.494    12.5    12.5    12.7    13.0    12.8
03758 20230306  2.622  -79.09   35.97    21.6     3.1    12.3    12.7     0.0    17.54 C    30.7    -0.8    11.7    86.4    32.1    58.5   0.309   0.303   0.326   0.352   0.462    12.3    12.2    12.4    12.7    12.7
03758 20230307  2.622  -79.09   35.97    22.8     7.6    15.2    15.5     0.0    19.21 C    30.2     2.7    14.5    88.5    11.5    45.1   0.298   0.297   0.322   0.348   0.439    13.0    12.9    12.9    12.7    12.7
03758 20230308  2.622  -79.09   35.97    15.0     2.9     8.9     8.0     0.0    19.26 C    26.8    -4.0     7.7    69.7    20.6    33.0   0.289   0.290   0.313   0.345   0.413    11.7    11.7    12.0    12.6    12.8
03758 20230309  2.622  -79.09   35.97    15.9     0.2     8.0     7.7     0.0    17.47 C    28.1    -4.2     8.2    81.6    24.1    54.7   0.281   0.286   0.310   0.342   0.401    11.1    11.0    11.4    12.2    12.7
03758 20230310  2.622  -79.09   35.97    11.6     6.8     9.2     8.8     4.6     1.91 C    12.6     2.4     7.9    94.7    49.6    81.8   0.288   0.286   0.311   0.340   0.394    11.3    11.2    11.4    12.0    12.5
03758 20230311  2.622  -79.09   35.97    11.6     3.1     7.3     7.0     0.0    18.77 C    22.4    -1.3     7.3    61.6    33.1    47.0   0.294   0.292   0.314   0.338   0.396    10.7    10.6    10.9    11.7    12.4
03758 20230312  2.622  -79.09   35.97     3.5     0.7     2.1     2.5    11.5     1.89 C     5.1    -3.2     2.4    93.5    55.7    83.0   0.322   0.307   0.330   0.337   0.391     9.4     9.4    10.0    11.4    12.2
03758 20230313  2.622  -79.09   35.97    13.4     2.7     8.0     6.5     0.0    14.12 C    24.9    -2.2     7.6    93.8    39.1    70.0   0.338   0.326   0.346   0.358   0.391     9.9     9.7     9.9    10.9    12.0
03758 20230314  2.622  -79.09   35.97     9.0    -2.7     3.1     3.4     0.0    20.62 C    21.2    -7.2     4.3    60.4    26.3    39.5   0.324   0.313   0.334   0.359   0.401     9.1     9.2     9.6    10.8    11.8
03758 20230315  2.622  -79.09   35.97    12.3    -1.2     5.5     4.6     0.0    21.63 C    24.3    -5.7     4.9    57.7    13.4    35.7   0.314   0.306   0.327   0.350   0.434     8.7     8.6     9.1    10.4    11.6
03758 20230316  2.622  -79.09   35.97    18.8    -2.8     8.0     8.9     0.0    20.19 C    29.0    -7.7     8.3    68.9    14.8    36.6   0.303   0.300   0.323   0.346   0.419     9.0     8.8     9.1    10.2    11.4
03758 20230317  2.622  -79.09   35.97    18.4     8.7    13.5    14.0     9.4     5.47 C    22.5     3.6    12.4    91.1    32.3    64.2   0.301   0.297   0.320   0.344   0.419    10.5    10.2    10.2    10.4    11.2
03758 20230318  2.622  -79.09   35.97    15.2     6.2    10.7     9.5     7.0    18.37 C    25.8     0.2    11.1    91.2    21.9    54.9   0.346   0.335   0.356   0.376   0.500    11.7    11.5    11.3    11.0    11.3
03758 20230319  2.622  -79.09   35.97     7.9     0.5     4.2     4.1     0.0    22.17 C    23.0    -5.4     5.4    52.3    23.7    36.9   0.325   0.315   0.336   0.370   0.496    10.4    10.4    10.7    11.2    11.5
03758 20230320  2.622  -79.09   35.97    10.8    -2.1     4.3     3.4     0.0    22.24 C    25.1    -6.9     4.6    68.5    19.4    39.3   0.315   0.307   0.329   0.359   0.495     9.5     9.4     9.8    10.8    11.5
03758 20230321  2.622  -79.09   35.97    16.6    -3.6     6.5     6.9     0.0    21.55 C    28.9    -8.0     7.0    76.1    12.8    41.9   0.304   0.301   0.325   0.349   0.445     9.3     9.2     9.6    10.5    11.4
03758 20230322  2.622  -79.09   35.97    13.5     5.7     9.6     9.9     0.0     7.41 C    17.5     4.6     9.9    82.2    45.4    63.2   0.297   0.297   0.320   0.346   0.406    10.3    10.1    10.3    10.6    11.3
03758 20230323  2.622  -79.09   35.97    25.9    10.8    18.4    18.1     0.0    19.01 C    32.6    10.1    18.2    92.0    37.0    64.4   0.293   0.292   0.317   0.344   0.425    12.4    12.0    11.7    10.9    11.3
03758 20230324  2.622  -79.09   35.97    29.5    14.4    21.9    21.3     0.0    19.75 C    35.3     8.8    19.1    76.5    32.4    54.8   0.281   0.285   0.311   0.342   0.435    14.0    13.7    13.2    11.9    11.5
03758 20230325  2.622  -79.09   35.97    23.0    11.6    17.3    17.5     2.5    11.44 C    27.0     7.7    16.0    90.6    47.7    69.4   0.276   0.281   0.308   0.340   0.436    14.3    14.2    13.8    12.7    11.9
03758 20230326  2.622  -79.09   35.97    18.1    10.4    14.3    14.1     5.9     7.07 C    21.7     6.9    12.7    95.0    43.3    82.0   0.298   0.291   0.319   0.338   0.443    13.9    13.8    13.6    13.0    12.3
03758 20230327  2.622  -79.09   35.97    25.0    11.1    18.1    18.2    18.6    12.84 C    31.0     7.8    17.8    95.3    44.5    78.7   0.344   0.331   0.355   0.407   0.495    14.7    14.4    14.0    13.1    12.6
03758 20230328  2.622  -79.09   35.97    19.3     8.1    13.7    13.6     9.6    12.38 C    29.7     3.8    13.7    92.0    45.0    67.2   0.330   0.315   0.341   0.377   0.506    14.5    14.5    14.3    13.5    12.8
03758 20230329  2.622  -79.09   35.97    14.8     5.2    10.0     9.2     0.3    18.00 C    29.1     0.4    10.5    92.5    33.9    65.2   0.345   0.333   0.355   0.410   0.497    13.8    13.8    13.8    13.6    13.0
03758 20230330  2.622  -79.09   35.97    18.8     3.0    10.9    11.1     0.0    23.25 C    30.2    -0.8    11.5    90.3    22.1    52.4   0.324   0.313   0.336   0.373   0.491    13.2    13.1    13.2    13.3    13.1
03758 20230331  2.622  -79.09   35.97    19.7     8.2    13.9    14.8     0.7     8.39 C    22.3     4.8    13.8    91.7    52.1    75.1   0.313   0.306   0.329   0.359   0.500    13.4    13.3    13.3    13.2    13.1
03758 20230401  2.622  -79.09   35.97    24.4    16.2    20.3    20.2     0.4    10.67 C    27.1    10.7    18.1    78.9    29.3    58.3   0.307   0.302   0.325   0.352   0.474    14.8    14.6    14.2    13.4    13.2
03758 20230402  2.622  -79.09   35.97    17.6     5.1    11.3    11.6     0.0    24.17 C    30.2    -0.4    12.4    79.7    27.5    45.5   0.297   0.296   0.320   0.348   0.459    14.1    14.2    14.1    13.7    13.3
03758 20230403  2.622  -79.09   35.97    22.8     3.9    13.3    13.8     0.0    15.87 C    30.9     0.1    13.5    89.1    32.0    61.0   0.287   0.288   0.313   0.344   0.453    13.9    13.8    13.8    13.6    13.4
03758 20230404  2.622  -79.09   35.97    27.4    12.2    19.8    19.3     0.0    22.65 C    35.8     8.7    20.1    89.2    39.1    65.3   0.275   0.280   0.308   0.342   0.438    15.8    15.6    15.1    13.8    13.5
03758 20230405  2.622  -79.09   35.97    29.1    13.9    21.5    22.0     0.0    18.37 C    36.0     9.9    20.6    93.5    42.0    68.6   0.260   0.273   0.303   0.340   0.431    16.7    16.6    16.1    14.6    13.7
03758 20230406  2.622  -79.09   35.97    28.8    18.8    23.8    22.4     2.1    13.83 C    34.9    16.9    22.3    94.4    50.3    77.6   0.250   0.267   0.296   0.338   0.435    17.9    17.8    17.2    15.3    14.0
03758 20230407  2.622  -79.09   35.97    19.0     6.2    12.6    10.3    68.3     0.93 C    18.3     6.4    10.3    94.3    80.7    86.6   0.367   0.326   0.342   0.380   0.493    15.2    15.7    16.0    15.5    14.5
03758 20230408  2.622  -79.09   35.97 -9999.0 -9999.0 -9999.0 -9999.0 -9999.0 -9999.00 U -9999.0 -9999.0 -9999.0 -9999.0 -9999.0 -9999.0 -99.000 -99.000 -99.000 -99.000 -99.000 -9999.0 -9999.0 -9999.0 -9999.0 -9999.0
